-690055424, 3, 240, 0.229582
-572557568, 3, 240, 0.230151
-1015027968, 3, 240, 0.245042
-1023420672, 3, 240, 0.245581
-211736832, 3, 240, 0.005525
-220129536, 3, 240, 0.005927
-362739968, 3, 240, 0.005990
-1744865536, 3, 240, 0.257484
-1753258240, 3, 240, 0.257612
-1786829056, 3, 240, 0.259732
-1963010304, 3, 240, 0.262615
-1937832192, 3, 240, 0.263586
-343939328, 3, 240, 0.270342
-228522240, 3, 240, 0.007835
1644115712, 3, 240, 0.278038
1635723008, 3, 240, 0.278505
1501505280, 3, 240, 0.279984
1400792832, 3, 240, 0.282768
1392400128, 3, 240, 0.283682
1123833600, 3, 240, 0.294220
-1585469696, 3, 240, 0.004904
-1954617600, 3, 240, 0.004759
645449472, 3, 240, 0.313476
620271360, 3, 240, 0.314674
-2105555200, 3, 240, 0.005646
477595392, 3, 240, 0.319124
368490240, 3, 240, 0.322172
360097536, 3, 240, 0.322442
351704832, 3, 240, 0.323902
217421568, 3, 240, 0.329141
209028864, 3, 240, 0.329356
200636160, 3, 240, 0.330567
-554707200, 3, 240, 0.363354
-663812352, 3, 240, 0.367835
-848451840, 3, 240, 0.378740
-856844544, 3, 240, 0.380351
-1721293056, 3, 240, 0.425971
-1729685760, 3, 240, 0.426984
-1763256576, 3, 240, 0.429149
1365124864, 3, 240, 0.447729
1146914560, 3, 240, 0.458328
1281197824, 3, 240, 0.458385
1222448896, 3, 240, 0.463274
685315840, 3, 240, 0.470402
383178496, 3, 240, 0.471833
1625298688, 3, 240, 0.472550
1491015424, 3, 240, 0.486829
1457444608, 3, 240, 0.489397
693708544, 3, 240, 0.490069
-523233536, 3, 240, 0.490984
1415481088, 3, 240, 0.492256
458712832, 3, 240, 0.493158
282466048, 3, 240, 0.496887
-1203042560, 3, 240, 0.497560
366393088, 3, 240, 0.504991
307644160, 3, 240, 0.505983
1916946176, 3, 240, 0.508860
89433856, 3, 240, 0.516532
-162347264, 3, 240, 0.524270
-900905216, 3, 240, 0.524970
1086068480, 3, 240, 0.526133
-212703488, 3, 240, 0.527833
-1060366592, 3, 240, 0.528548
-229488896, 3, 240, 0.530308
-1051973888, 3, 240, 0.531279
-363772160, 3, 240, 0.530012
674825984, 3, 240, 0.530165
-380557568, 3, 240, 0.530457
-607160576, 3, 240, 0.534908
-783407360, 3, 240, 0.544990
1723913984, 3, 240, 0.559992
-2126240000, 3, 240, 0.561123
1690343168, 3, 240, 0.563830
-978536704, 3, 240, 0.563203
-1454823680, 3, 240, 0.574212
-674302208, 3, 240, 0.625151
-1960483072, 3, 240, 0.586986
1069283072, 3, 240, 0.589985
1797351168, 3, 240, 0.591992
-57436416, 3, 240, 0.592366
-1899636992, 3, 240, 0.593644
1891768064, 3, 240, 0.598104
1984087808, 3, 240, 0.599243
1270707968, 3, 240, 0.599439
188049152, 3, 240, 0.601833
53765888, 3, 240, 0.615499
985356032, 3, 240, 0.617654
-367966464, 3, 240, 0.617092
439830272, 3, 240, 0.624464
-668006656, 3, 240, 0.633976
-2136729856, 3, 240, 0.674096
-1020500224, 3, 240, 0.674561
-2128337152, 3, 240, 0.674573
-2119944448, 3, 240, 0.675968
1914849024, 3, 240, 0.677676
-1456920832, 3, 240, 0.678059
-2111551744, 3, 240, 0.678419
1839314688, 3, 240, 0.678855
-743540992, 3, 240, 0.678855
1562355456, 3, 240, 0.693932
1931634432, 3, 240, 0.694467
1705031424, 3, 240, 0.694419
-1691916544, 3, 240, 0.694852
874153728, 3, 240, 0.704591
949688064, 3, 240, 0.705597
1226647296, 3, 240, 0.708639
-463452416, 3, 240, 0.229753
899331840, 3, 240, 0.755548
504874752, 3, 240, 0.737464
-505415936, 3, 240, 0.229484
-589342976, 3, 240, 0.230550
-387918080, 3, 240, 0.230738
353806080, 3, 240, 0.739230
-1354111232, 3, 240, 0.893939
-639699200, 3, 240, 0.232244
-1471609088, 3, 240, 0.893106
-664877312, 3, 240, 0.232795
-538986752, 3, 240, 0.232763
-673270016, 3, 240, 0.232857
-715233536, 3, 240, 0.233145
-597735680, 3, 240, 0.233752
-580950272, 3, 240, 0.234141
-530594048, 3, 240, 0.969753
-522201344, 3, 240, 0.234784
-488630528, 3, 240, 0.970255
-622913792, 3, 240, 0.235591
-648091904, 3, 240, 0.235826
-471845120, 3, 240, 0.236072
-480237824, 3, 240, 0.236363
-681662720, 3, 240, 0.236303
-547379456, 3, 240, 0.236647
-732018944, 3, 240, 0.971546
-606128384, 3, 240, 0.237054
-656484608, 3, 240, 0.237192
-706840832, 3, 240, 0.238035
-631306496, 3, 240, 0.238058
-446667008, 3, 240, 0.239585
-740411648, 3, 240, 0.240683
-891414784, 3, 240, 0.241492
-883022080, 3, 240, 0.972368
-872417536, 3, 240, 0.242435
-773982464, 3, 240, 0.242486
-908200192, 3, 240, 0.242790
-782375168, 3, 240, 0.243247
-757197056, 3, 240, 0.243758
-765589760, 3, 240, 0.972664
-924985600, 3, 240, 0.243578
-916592896, 3, 240, 0.244551
-1006635264, 3, 240, 0.244818
-1048598784, 3, 240, 0.246324
-1056991488, 3, 240, 0.246570
-1040206080, 3, 240, 0.246837
-1073776896, 3, 240, 0.246818
-1082169600, 3, 240, 0.246849
-1031813376, 3, 240, 0.972851
-1090562304, 3, 240, 0.246785
-1098955008, 3, 240, 0.247198
-1124133120, 3, 240, 0.248134
-1207961856, 3, 240, 0.248807
-1224747264, 3, 240, 0.249215
-404703488, 3, 240, 0.254252
-1115740416, 3, 240, 0.973056
-1392535808, 3, 240, 0.249306
-1233139968, 3, 240, 0.249826
-1367357696, 3, 240, 0.249408
-1375750400, 3, 240, 0.249739
-1249925376, 3, 240, 0.973132
-1241532672, 3, 240, 0.250865
-1342179584, 3, 240, 0.250699
-1350572288, 3, 240, 0.250871
-413096192, 3, 240, 0.256255
-1384143104, 3, 240, 0.251363
-1400928512, 3, 240, 0.251683
-1417713920, 3, 240, 0.251897
-1409321216, 3, 240, 0.251917
-1434499328, 3, 240, 0.252175
-1442892032, 3, 240, 0.252307
-1451284736, 3, 240, 0.252449
-1426106624, 3, 240, 0.252786
-1459677440, 3, 240, 0.253075
-1543506176, 3, 240, 0.253247
-1551898880, 3, 240, 0.253758
-1560291584, 3, 240, 0.254159
-236914944, 3, 240, 0.260827
-1358964992, 3, 240, 0.255925
-1686116608, 3, 240, 0.255424
-1736472832, 3, 240, 0.255466
-1702902016, 3, 240, 0.255423
-1694509312, 3, 240, 0.255958
-1711294720, 3, 240, 0.256276
-1728080128, 3, 240, 0.256858
-1761650944, 3, 240, 0.258999
-1921046784, 3, 240, 0.259271
-1795221760, 3, 240, 0.261364
-1887443200, 3, 240, 0.261578
-1912621312, 3, 240, 0.262084
-1895835904, 3, 240, 0.262250
-1971403008, 3, 240, 0.264217
-1996581120, 3, 240, 0.266503
-253700352, 3, 240, 0.273102
-2088769792, 3, 240, 0.266680
-2139126016, 3, 240, 0.266793
-2122340608, 3, 240, 0.266878
-2130733312, 3, 240, 0.267040
-1988188416, 3, 240, 0.267630
-2113947904, 3, 240, 0.267251
2147448576, 3, 240, 0.267515
-1879050496, 3, 240, 0.268486
2139055872, 3, 240, 0.268303
2130663168, 3, 240, 0.268636
2105485056, 3, 240, 0.271083
-245307648, 3, 240, 0.278736
2004870912, 3, 240, 0.272060
1996478208, 3, 240, 0.272480
1979692800, 3, 240, 0.272457
-335546624, 3, 240, 0.981598
2013263616, 3, 240, 0.974865
1870653184, 3, 240, 0.272963
1971300096, 3, 240, 0.273398
2097092352, 3, 240, 0.975637
1879045888, 3, 240, 0.273343
2113877760, 3, 240, 0.274360
-2097162496, 3, 240, 0.976466
-379525376, 3, 240, 0.281815
1853867776, 3, 240, 0.275190
1837082368, 3, 240, 0.275972
1711257344, 3, 240, 0.276600
1694471936, 3, 240, 0.276722
1677686528, 3, 240, 0.276796
1526683392, 3, 240, 0.276737
1660901120, 3, 240, 0.277120
1828689664, 3, 240, 0.277788
1543501568, 3, 240, 0.279677
1484719872, 3, 240, 0.280528
1518290688, 3, 240, 0.977482
1467934464, 3, 240, 0.281148
1459541760, 3, 240, 0.281388
1451149056, 3, 240, 0.978494
1442756352, 3, 240, 0.281847
1425970944, 3, 240, 0.282017
1417578240, 3, 240, 0.282190
1434363648, 3, 240, 0.282397
1384007424, 3, 240, 0.284325
1375614720, 3, 240, 0.980276
1367222016, 3, 240, 0.980266
1350436608, 3, 240, 0.284991
1342043904, 3, 240, 0.284991
1333651200, 3, 240, 0.286098
1325258496, 3, 240, 0.286406
1316865792, 3, 240, 0.286705
1308473088, 3, 240, 0.286932
1291687680, 3, 240, 0.287180
1274902272, 3, 240, 0.287359
1300080384, 3, 240, 0.287690
1266509568, 3, 240, 0.288297
1358829312, 3, 240, 0.983239
1258116864, 3, 240, 0.288802
1249724160, 3, 240, 0.289623
1283294976, 3, 240, 0.983581
1224546048, 3, 240, 0.290688
1216153344, 3, 240, 0.291116
1207760640, 3, 240, 0.291136
1199367936, 3, 240, 0.291788
1149011712, 3, 240, 0.985364
1182582528, 3, 240, 0.292049
1157404416, 3, 240, 0.292727
1241331456, 3, 240, 0.293083
1140619008, 3, 240, 0.293500
1132226304, 3, 240, 0.293831
1098655488, 3, 240, 0.295284
1081870080, 3, 240, 0.295295
1090262784, 3, 240, 0.987453
1073477376, 3, 240, 0.296056
1065084672, 3, 240, 0.296329
1039906560, 3, 240, 0.297364
1056691968, 3, 240, 0.987660
1031513856, 3, 240, 0.298537
1023121152, 3, 240, 0.298625
-371132672, 3, 240, 0.010510
997943040, 3, 240, 0.300429
981157632, 3, 240, 0.300769
972764928, 3, 240, 0.300582
964372224, 3, 240, 0.301266
955979520, 3, 240, 0.301536
939194112, 3, 240, 0.301759
930801408, 3, 240, 0.302013
922408704, 3, 240, 0.302703
914016000, 3, 240, 0.303172
880445184, 3, 240, 0.305079
872052480, 3, 240, 0.305351
855267072, 3, 240, 0.305549
846874368, 3, 240, 0.305836
830088960, 3, 240, 0.306024
821696256, 3, 240, 0.306286
813303552, 3, 240, 0.306587
897230592, 3, 240, 0.307181
804910848, 3, 240, 0.307524
788125440, 3, 240, 0.308772
779732736, 3, 240, 0.309310
762947328, 3, 240, 0.309718
746161920, 3, 240, 0.989140
754554624, 3, 240, 0.310484
737769216, 3, 240, 0.310709
712591104, 3, 240, 0.989777
729376512, 3, 240, 0.311035
695805696, 3, 240, 0.311378
720983808, 3, 240, 0.311472
704198400, 3, 240, 0.312086
662234880, 3, 240, 0.312117
679020288, 3, 240, 0.312482
653842176, 3, 240, 0.313462
578307840, 3, 240, 0.315392
561522432, 3, 240, 0.315682
595093248, 3, 240, 0.315830
553129728, 3, 240, 0.316142
519558912, 3, 240, 0.316271
511166208, 3, 240, 0.316477
637056768, 3, 240, 0.317158
494380800, 3, 240, 0.317532
485988096, 3, 240, 0.318006
586700544, 3, 240, 0.992752
469202688, 3, 240, 0.319800
460809984, 3, 240, 0.320053
452417280, 3, 240, 0.320280
435631872, 3, 240, 0.320483
444024576, 3, 240, 0.320807
427239168, 3, 240, 0.320773
410453760, 3, 240, 0.321211
385275648, 3, 240, 0.321114
334919424, 3, 240, 0.324680
326526720, 3, 240, 0.325203
309741312, 3, 240, 0.325809
301348608, 3, 240, 0.325943
276170496, 3, 240, 0.996770
292955904, 3, 240, 0.327246
284563200, 3, 240, 0.327617
267777792, 3, 240, 0.327756
259385088, 3, 240, 0.327897
242599680, 3, 240, 0.328025
234206976, 3, 240, 0.328192
225814272, 3, 240, 0.328357
183850752, 3, 240, 0.331594
175458048, 3, 240, 0.332249
158672640, 3, 240, 0.332690
150279936, 3, 240, 0.333044
141887232, 3, 240, 0.333452
133494528, 3, 240, 0.333788
125101824, 3, 240, 0.334187
192243456, 3, 240, 0.334865
116709120, 3, 240, 0.334928
91531008, 3, 240, 0.335374
74745600, 3, 240, 0.335687
83138304, 3, 240, 0.335713
66352896, 3, 240, 0.335939
49567488, 3, 240, 0.336074
41174784, 3, 240, 0.336239
32782080, 3, 240, 0.336684
24389376, 3, 240, 0.336923
57960192, 3, 240, 0.999437
-788736, 3, 240, 0.337607
-9181440, 3, 240, 0.337751
-17574144, 3, 240, 0.337893
-25966848, 3, 240, 0.338083
-34359552, 3, 240, 0.338299
-42752256, 3, 240, 0.338289
-51144960, 3, 240, 0.338463
7603968, 3, 240, 0.339075
-59537664, 3, 240, 0.339660
-67930368, 3, 240, 0.339931
-76323072, 3, 240, 0.341187
-93108480, 3, 240, 0.342175
-101501184, 3, 240, 0.342509
-109893888, 3, 240, 0.343343
-277747968, 3, 240, 0.344803
-126679296, 3, 240, 0.345161
-286140672, 3, 240, 0.344862
-302926080, 3, 240, 0.345707
-311318784, 3, 240, 0.345942
-328104192, 3, 240, 0.346072
-336496896, 3, 240, 0.346229
-319711488, 3, 240, 1.000389
-344889600, 3, 240, 0.346419
-84715776, 3, 240, 0.347560
-353282304, 3, 240, 1.000581
-370067712, 3, 240, 0.348046
-386853120, 3, 240, 0.348684
-378460416, 3, 240, 1.001334
-135072000, 3, 240, 0.350972
-428816640, 3, 240, 0.351712
-143464704, 3, 240, 0.351795
-151857408, 3, 240, 0.351846
-160250112, 3, 240, 0.352181
-168642816, 3, 240, 0.353212
-395245824, 3, 240, 0.353926
-177035520, 3, 240, 0.354532
-185428224, 3, 240, 0.354786
-479172864, 3, 240, 0.355883
-202213632, 3, 240, 0.357377
-495958272, 3, 240, 0.357723
-210606336, 3, 240, 0.358231
-218999040, 3, 240, 0.358663
-512743680, 3, 240, 0.358757
-235784448, 3, 240, 0.359022
-227391744, 3, 240, 0.358752
-487565568, 3, 240, 0.359872
-529529088, 3, 240, 0.360542
-244177152, 3, 240, 0.361133
-537921792, 3, 240, 0.362254
-252569856, 3, 240, 0.362330
-260962560, 3, 240, 0.363389
-445602048, 3, 240, 1.002815
-571492608, 3, 240, 0.365598
-596670720, 3, 240, 0.365758
-613456128, 3, 240, 0.366018
-621848832, 3, 240, 0.366341
-638634240, 3, 240, 0.366626
-647026944, 3, 240, 0.367405
-672205056, 3, 240, 0.368855
-688990464, 3, 240, 0.369698
-714168576, 3, 240, 0.369971
-722561280, 3, 240, 0.369973
-730953984, 3, 240, 0.370022
-739346688, 3, 240, 0.370944
-747739392, 3, 240, 0.371317
-764524800, 3, 240, 0.371565
-680597760, 3, 240, 0.372267
-772917504, 3, 240, 0.372711
-781310208, 3, 240, 0.373284
-756132096, 3, 240, 1.006009
-798095616, 3, 240, 0.375318
-923986176, 3, 240, 0.375412
-940771584, 3, 240, 0.376067
-823273728, 3, 240, 0.376405
-949164288, 3, 240, 0.376889
-932378880, 3, 240, 0.377405
-840059136, 3, 240, 0.377232
-915593472, 3, 240, 0.378241
-991127808, 3, 240, 0.379420
-806488320, 3, 240, 1.007549
-999520512, 3, 240, 0.381897
-873629952, 3, 240, 0.381778
-1024698624, 3, 240, 0.382403
-1016305920, 3, 240, 0.382880
-890415360, 3, 240, 0.382798
-898808064, 3, 240, 0.383512
-907200768, 3, 240, 0.383930
-974342400, 3, 240, 0.384606
-1175767296, 3, 240, 0.387224
-1184160000, 3, 240, 0.388007
-1217730816, 3, 240, 0.388340
-1075054848, 3, 240, 0.388599
-1058269440, 3, 240, 0.389210
-1083447552, 3, 240, 0.389081
-1100232960, 3, 240, 0.389673
-1293265152, 3, 240, 0.390105
-1167374592, 3, 240, 0.390889
-1108625664, 3, 240, 1.010967
-1301657856, 3, 240, 0.391229
-1310050560, 3, 240, 0.391737
-1117018368, 3, 240, 0.392382
-429881600, 3, 240, 0.018663
-1335228672, 3, 240, 0.392828
-1360406784, 3, 240, 0.393897
-1125411072, 3, 240, 0.393897
-1133803776, 3, 240, 0.394572
-1142196480, 3, 240, 0.394835
-1150589184, 3, 240, 0.395095
-1385584896, 3, 240, 1.012439
-1393977600, 3, 240, 0.395603
-1402370304, 3, 240, 0.395890
-1410763008, 3, 240, 0.396679
-1209338112, 3, 240, 0.396767
-1234516224, 3, 240, 0.398882
-1427548416, 3, 240, 0.399493
-1435941120, 3, 240, 0.399863
-1444333824, 3, 240, 0.399975
-1452726528, 3, 240, 0.400498
-1268087040, 3, 240, 0.400891
-1276479744, 3, 240, 0.400828
-1419155712, 3, 240, 0.401953
-1469511936, 3, 240, 0.402465
-1477904640, 3, 240, 0.403291
-1284872448, 3, 240, 0.403587
-1318443264, 3, 240, 0.403825
-1486297344, 3, 240, 0.404722
-1326835968, 3, 240, 0.405354
-1494690048, 3, 240, 0.405957
-1503082752, 3, 240, 0.406269
-1242908928, 3, 240, 1.015114
-1352014080, 3, 240, 0.406377
-1511475456, 3, 240, 0.406377
-1343621376, 3, 240, 0.407231
-1519868160, 3, 240, 0.407103
-1528260864, 3, 240, 0.407684
-1368799488, 3, 240, 0.407796
-1536653568, 3, 240, 0.409028
-1545046272, 3, 240, 0.409203
-1553438976, 3, 240, 0.410459
-1578617088, 3, 240, 0.411664
-1587009792, 3, 240, 0.412070
-1595402496, 3, 240, 0.412431
-1377192192, 3, 240, 1.015430
-1603795200, 3, 240, 0.412863
-1813612800, 3, 240, 0.412883
-1805220096, 3, 240, 0.413655
-1561831680, 3, 240, 0.414220
-1612187904, 3, 240, 0.414970
-1822005504, 3, 240, 0.415053
-1620580608, 3, 240, 0.416723
-1838790912, 3, 240, 0.417117
-1847183616, 3, 240, 0.417467
-1645758720, 3, 240, 0.417480
-1637366016, 3, 240, 0.417524
-1880754432, 3, 240, 0.417487
-1628973312, 3, 240, 0.418346
-1654151424, 3, 240, 0.419242
-1897539840, 3, 240, 0.419348
-1662544128, 3, 240, 0.420575
-1251301632, 3, 240, 1.017327
-1670936832, 3, 240, 0.421886
-1679329536, 3, 240, 0.422263
-1687722240, 3, 240, 0.422612
-1704507648, 3, 240, 0.422981
-1989859584, 3, 240, 0.423319
-1696114944, 3, 240, 0.423760
-1712900352, 3, 240, 0.424008
-1922717952, 3, 240, 0.424542
-1998252288, 3, 240, 0.425269
-1738078464, 3, 240, 0.428380
-2082179328, 3, 240, 0.428640
-2107357440, 3, 240, 0.429565
-1780041984, 3, 240, 0.430375
-2098964736, 3, 240, 0.430906
-1788434688, 3, 240, 0.431788
-2132535552, 3, 240, 0.431907
-1796827392, 3, 240, 0.432066
-2115750144, 3, 240, 0.432407
-1863969024, 3, 240, 0.432334
-2124142848, 3, 240, 0.432621
-2140928256, 3, 240, 0.432463
-1872361728, 3, 240, 0.433291
-1889147136, 3, 240, 0.433797
-1905932544, 3, 240, 0.434456
-1754863872, 3, 240, 1.018333
-1914325248, 3, 240, 0.435498
2103682816, 3, 240, 0.435774
-1931110656, 3, 240, 0.435885
2095290112, 3, 240, 0.436393
-1956288768, 3, 240, 0.436707
-1939503360, 3, 240, 0.437173
2112075520, 3, 240, 0.437660
-1964681472, 3, 240, 0.438077
2070112000, 3, 240, 0.438530
-1973074176, 3, 240, 0.439453
2061719296, 3, 240, 0.440754
2053326592, 3, 240, 0.441008
-2006644992, 3, 240, 0.441389
-2015037696, 3, 240, 0.441654
-2023430400, 3, 240, 0.441655
-2040215808, 3, 240, 0.442255
-2073786624, 3, 240, 0.442417
-2065393920, 3, 240, 0.442963
-2048608512, 3, 240, 0.443492
1994577664, 3, 240, 0.443908
-2090572032, 3, 240, 0.444269
2002970368, 3, 240, 1.021996
1961006848, 3, 240, 0.445547
1952614144, 3, 240, 0.445467
1935828736, 3, 240, 0.445794
1927436032, 3, 240, 0.446074
1381910272, 3, 240, 0.446011
1373517568, 3, 240, 0.446438
1977792256, 3, 240, 0.447348
1910650624, 3, 240, 0.447433
1356732160, 3, 240, 0.449073
1893865216, 3, 240, 0.449424
1862260480, 3, 240, 0.017409
1885472512, 3, 240, 0.450628
1331554048, 3, 240, 0.450839
1323161344, 3, 240, 0.451018
1877079808, 3, 240, 0.451231
1868687104, 3, 240, 0.451315
1180485376, 3, 240, 0.451299
1339946752, 3, 240, 0.452068
1860294400, 3, 240, 0.452245
1172092672, 3, 240, 0.453063
1851901696, 3, 240, 0.454017
1163699968, 3, 240, 0.454809
1297983232, 3, 240, 0.455657
1138521856, 3, 240, 0.459227
1272805120, 3, 240, 0.460033
1130129152, 3, 240, 0.460413
1264412416, 3, 240, 0.460603
1247627008, 3, 240, 0.460250
1801545472, 3, 240, 0.460419
1113343744, 3, 240, 0.460651
1256019712, 3, 240, 0.461243
1793152768, 3, 240, 0.461047
1239234304, 3, 240, 0.461855
1096558336, 3, 240, 0.461938
1230841600, 3, 240, 0.462353
1088165632, 3, 240, 0.462176
1843508992, 3, 240, 1.023090
1818330880, 3, 240, 1.022997
1079772928, 3, 240, 0.463443
1205663488, 3, 240, 0.463747
1726011136, 3, 240, 1.022500
1062987520, 3, 240, 0.464266
1054594816, 3, 240, 0.464042
1071380224, 3, 240, 0.464479
1004238592, 3, 240, 1.023031
1012631296, 3, 240, 0.464367
1188878080, 3, 240, 0.464879
1037809408, 3, 240, 0.464445
1029416704, 3, 240, 1.024147
1717618432, 3, 240, 0.464578
995845888, 3, 240, 0.464920
1046202112, 3, 240, 0.465322
1214056192, 3, 240, 0.466609
1021024000, 3, 240, 0.465807
1709225728, 3, 240, 0.466463
979060480, 3, 240, 0.467064
1692440320, 3, 240, 0.468454
1684047616, 3, 240, 0.468566
735672064, 3, 240, 0.468764
1675654912, 3, 240, 0.468719
1700833024, 3, 240, 0.469651
727279360, 3, 240, 0.469626
945489664, 3, 240, 0.469831
937096960, 3, 240, 0.469973
1658869504, 3, 240, 0.470794
928704256, 3, 240, 0.470764
920311552, 3, 240, 0.470757
399963904, 3, 240, 0.471095
1642084096, 3, 240, 0.471321
1633691392, 3, 240, 0.471383
911918848, 3, 240, 0.471383
953882368, 3, 240, 1.026059
895133440, 3, 240, 0.473550
324429568, 3, 240, 0.473550
1616905984, 3, 240, 0.474223
878348032, 3, 240, 1.026481
316036864, 3, 240, 0.474425
257287936, 3, 240, 0.474432
190146304, 3, 240, 0.474336
1591727872, 3, 240, 0.474521
1583335168, 3, 240, 0.474993
181753600, 3, 240, 0.475180
853169920, 3, 240, 0.477303
148182784, 3, 240, 1.028123
844777216, 3, 240, 0.477973
1566549760, 3, 240, 0.478131
22292224, 3, 240, 1.028558
836384512, 3, 240, 0.478575
13899520, 3, 240, 0.478754
827991808, 3, 240, 0.479173
819599104, 3, 240, 0.479145
811206400, 3, 240, 0.479432
1574942464, 3, 240, 0.480775
1549764352, 3, 240, 1.029062
802813696, 3, 240, 0.480628
1532978944, 3, 240, 0.481607
-19671296, 3, 240, 0.482407
794420992, 3, 240, 0.483151
-28064000, 3, 240, 0.482942
1516193536, 3, 240, 0.483549
-70027520, 3, 240, 0.483797
1524586240, 3, 240, 1.029937
786028288, 3, 240, 0.484461
-103598336, 3, 240, 0.484609
769242880, 3, 240, 0.485655
760850176, 3, 240, 0.488245
752457472, 3, 240, 0.488342
-346986752, 3, 240, 0.488671
-372164864, 3, 240, 0.488497
-506448128, 3, 240, 0.488440
1465837312, 3, 240, 0.488430
710493952, 3, 240, 0.488731
-305023232, 3, 240, 0.489955
5506816, 3, 240, 1.032897
1449051904, 3, 240, 0.490539
483890944, 3, 240, 0.491834
1482622720, 3, 240, 1.031400
1432266496, 3, 240, 0.491751
-791800064, 3, 240, 0.491970
-800192768, 3, 240, 0.491814
1423873792, 3, 240, 0.491980
467105536, 3, 240, 0.492159
-808585472, 3, 240, 0.492640
-816978176, 3, 240, 0.493393
1398695680, 3, 240, 0.493511
1390302976, 3, 240, 0.493421
-833763584, 3, 240, 0.493421
433534720, 3, 240, 0.494099
1407088384, 3, 240, 0.494678
1667262208, 3, 240, 0.504314
676923136, 3, 240, 0.494607
416749312, 3, 240, 0.495301
408356608, 3, 240, 0.495601
349607680, 3, 240, 0.495470
-1110722816, 3, 240, 0.495783
-1119115520, 3, 240, 0.495341
341214976, 3, 240, 0.495780
-1127508224, 3, 240, 0.495666
332822272, 3, 240, 0.495976
-1102330112, 3, 240, 0.497512
643352320, 3, 240, 1.028193
618174208, 3, 240, 0.498335
265680640, 3, 240, 0.498587
-1362503936, 3, 240, 0.498790
609781504, 3, 240, 0.498485
-1370896640, 3, 240, 0.498707
215324416, 3, 240, 0.498935
601388800, 3, 240, 0.498797
-1412860160, 3, 240, 0.498963
-1211435264, 3, 240, 0.500313
206931712, 3, 240, 0.499673
-1505179904, 3, 240, 0.499631
592996096, 3, 240, 0.500095
-1513572608, 3, 240, 0.500348
156575488, 3, 240, 0.500757
584603392, 3, 240, 1.026579
72648448, 3, 240, 1.026590
567817984, 3, 240, 0.501112
-1530358016, 3, 240, 0.501376
-1647855872, 3, 240, 0.501249
64255744, 3, 240, 1.026402
576210688, 3, 240, 0.502520
55863040, 3, 240, 0.501990
-1656248576, 3, 240, 0.501634
47470336, 3, 240, 0.502193
-1664641280, 3, 240, 0.502161
198539008, 3, 240, 0.504852
542639872, 3, 240, 0.503163
534247168, 3, 240, 0.502991
-1689819392, 3, 240, 0.503750
551032576, 3, 240, 1.026307
525854464, 3, 240, 0.504564
-1698212096, 3, 240, 0.504858
-2885888, 3, 240, 0.505076
-1748568320, 3, 240, 0.504771
-36456704, 3, 240, 0.504984
-1790531840, 3, 240, 0.504841
-44849408, 3, 240, 0.505094
2143549184, 3, 240, 0.504897
30684928, 3, 240, 0.506766
2126763776, 3, 240, 0.505722
2076407552, 3, 240, 0.505549
-237881600, 3, 240, 0.506370
-61634816, 3, 240, 1.024565
2051229440, 3, 240, 0.506184
1975695104, 3, 240, 0.505969
248895232, 3, 240, 0.505712
-263059712, 3, 240, 0.505940
-246274304, 3, 240, 0.507057
299251456, 3, 240, 0.507238
1967302400, 3, 240, 0.506554
240502528, 3, 240, 0.506841
1925338880, 3, 240, 0.507404
-95205632, 3, 240, 1.024681
-271452416, 3, 240, 0.508245
1908553472, 3, 240, 0.509353
-288237824, 3, 240, 0.509560
1900160768, 3, 240, 0.509380
-296630528, 3, 240, 0.509627
-2143025408, 3, 240, 0.509234
232109824, 3, 240, 0.511279
1816233728, 3, 240, 0.510360
-321808640, 3, 240, 0.510955
131397376, 3, 240, 0.511276
-330201344, 3, 240, 0.512798
-338594048, 3, 240, 0.513840
1774270208, 3, 240, 0.514438
-481270016, 3, 240, 0.514731
1765877504, 3, 240, 0.514581
-489662720, 3, 240, 0.515329
1757484800, 3, 240, 0.514902
1807841024, 3, 240, 0.517455
-498055424, 3, 240, 0.516470
1413383936, 3, 240, 0.516927
-78420224, 3, 240, 0.517812
1346242304, 3, 240, 0.517670
-556804352, 3, 240, 0.518021
1404991232, 3, 240, 1.019777
-850548992, 3, 240, 0.517813
-120383744, 3, 240, 0.517697
1279100672, 3, 240, 0.518114
-111991040, 3, 240, 0.519015
81041152, 3, 240, 0.520911
-858941696, 3, 240, 0.519602
1228744448, 3, 240, 0.519886
-867334400, 3, 240, 0.520528
1220351744, 3, 240, 0.521890
-875727104, 3, 240, 0.522138
1211959040, 3, 240, 0.521966
-884119808, 3, 240, 0.522489
1094461184, 3, 240, 0.522557
-153954560, 3, 240, 0.522984
-892512512, 3, 240, 0.523521
-137169152, 3, 240, 0.524992
-942868736, 3, 240, 0.526927
-179132672, 3, 240, 0.526763
-187525376, 3, 240, 0.526390
-959654144, 3, 240, 0.526782
-195918080, 3, 240, 0.526683
851072768, 3, 240, 0.526351
-1035188480, 3, 240, 0.527198
842680064, 3, 240, 0.527066
683218688, 3, 240, 0.527969
691611392, 3, 240, 0.528941
-355379456, 3, 240, 0.529211
834287360, 3, 240, 0.530660
-1085544704, 3, 240, 0.531120
825894656, 3, 240, 1.015137
-397342976, 3, 240, 0.531384
-1169471744, 3, 240, 0.531605
-405735680, 3, 240, 0.531243
-414128384, 3, 240, 0.530794
-1194649856, 3, 240, 0.530456
-422521088, 3, 240, 0.530456
-53242112, 3, 240, 0.553776
-1312147712, 3, 240, 0.531130
-430913792, 3, 240, 0.531130
-439306496, 3, 240, 0.531837
-1345718528, 3, 240, 0.532947
-1337325824, 3, 240, 0.534178
-472877312, 3, 240, 0.532894
-573589760, 3, 240, 0.532898
-1328933120, 3, 240, 0.535387
-1463216384, 3, 240, 0.533241
-1320540416, 3, 240, 0.536614
-590375168, 3, 240, 1.008978
582506240, 3, 240, 0.539852
-598767872, 3, 240, 0.533680
574113536, 3, 240, 0.534188
-615553280, 3, 240, 0.534286
-623945984, 3, 240, 0.536100
-560998656, 3, 240, 0.536065
-640731392, 3, 240, 0.535977
-569391360, 3, 240, 0.536468
246798080, 3, 240, 0.537309
-649124096, 3, 240, 0.537258
-586176768, 3, 240, 0.538089
-594569472, 3, 240, 0.538057
-602962176, 3, 240, 0.538428
-552605952, 3, 240, 0.541026
-1496787200, 3, 240, 0.537695
-699480320, 3, 240, 0.536932
-1572321536, 3, 240, 0.537589
-1488394496, 3, 240, 0.539116
-611354880, 3, 240, 0.539361
-1580714240, 3, 240, 0.538457
-707873024, 3, 240, 0.538947
-628140288, 3, 240, 0.540204
-716265728, 3, 240, 0.539966
-636532992, 3, 240, 0.540721
-724658432, 3, 240, 0.541357
-644925696, 3, 240, 0.541640
-741443840, 3, 240, 0.540972
-733051136, 3, 240, 0.541529
-758229248, 3, 240, 0.540681
-670103808, 3, 240, 0.541663
-682694912, 3, 240, 1.007340
-749836544, 3, 240, 0.541745
230012672, 3, 240, 0.542473
-678496512, 3, 240, 0.542863
221619968, 3, 240, 0.543719
-686889216, 3, 240, 0.543763
-766621952, 3, 240, 0.544169
213227264, 3, 240, 0.543877
204834560, 3, 240, 0.544308
-703674624, 3, 240, 0.545872
-909297920, 3, 240, 0.545746
154478336, 3, 240, 0.545874
137692928, 3, 240, 0.545902
-917690624, 3, 240, 0.546287
-737245440, 3, 240, 0.545182
120907520, 3, 240, 0.546209
112514816, 3, 240, 0.546208
-745638144, 3, 240, 0.546719
-754030848, 3, 240, 0.546768
-695281920, 3, 240, 0.551312
-993224960, 3, 240, 0.547128
-281942272, 3, 240, 0.546889
261486336, 3, 240, 0.546343
-323905792, 3, 240, 0.546723
-984832256, 3, 240, 0.548742
-1018403072, 3, 240, 0.546866
-21768448, 3, 240, 1.002108
-30161152, 3, 240, 0.549281
-976439552, 3, 240, 0.550765
-332298496, 3, 240, 0.548696
-1026795776, 3, 240, 0.549621
-1144293632, 3, 240, 0.550560
-1152686336, 3, 240, 0.550951
-365869312, 3, 240, 0.551366
1958909696, 3, 240, 0.551428
2068014848, 3, 240, 0.551411
2084800256, 3, 240, 0.550917
2093192960, 3, 240, 0.551291
-1161079040, 3, 240, 0.552812
-349083904, 3, 240, 0.554873
1950516992, 3, 240, 0.553097
-626043136, 3, 240, 0.553094
1942124288, 3, 240, 0.554039
-1228220672, 3, 240, 0.554834
-634435840, 3, 240, 0.555755
2109978368, 3, 240, 0.556009
1933731584, 3, 240, 0.556406
-642828544, 3, 240, 0.556842
2118371072, 3, 240, 0.556448
-651221248, 3, 240, 0.557099
1799448320, 3, 240, 0.557870
253093632, 3, 240, 1.003371
-2134632704, 3, 240, 0.558036
1740699392, 3, 240, 0.558616
-953358592, 3, 240, 0.996007
-1278576896, 3, 240, 0.996630
-777111808, 3, 240, 0.561733
-944965888, 3, 240, 0.561651
1715521280, 3, 240, 0.561984
-2109454592, 3, 240, 0.561540
-1286969600, 3, 240, 0.560777
1698735872, 3, 240, 0.561349
-2117847296, 3, 240, 0.563219
-2101061888, 3, 240, 0.561996
-2092669184, 3, 240, 0.562024
-1295362304, 3, 240, 0.562799
-961751296, 3, 240, 0.997694
-2084276480, 3, 240, 0.564522
1673557760, 3, 240, 0.565037
-2075883776, 3, 240, 0.996374
-1096034560, 3, 240, 0.566235
-2059098368, 3, 240, 0.565270
-1396074752, 3, 240, 0.565734
1497310976, 3, 240, 0.566142
-1104427264, 3, 240, 0.566864
-1387682048, 3, 240, 0.566864
-1356208384, 3, 240, 0.566341
1488918272, 3, 240, 0.567213
-2050705664, 3, 240, 0.567842
-1421252864, 3, 240, 0.568331
1480525568, 3, 240, 0.568889
-1364601088, 3, 240, 0.569351
-2042312960, 3, 240, 0.569904
-2033920256, 3, 240, 0.569769
-1404467456, 3, 240, 0.997360
1472132864, 3, 240, 0.570154
-1429645568, 3, 240, 0.570514
-1381386496, 3, 240, 0.996314
-1372993792, 3, 240, 0.570850
-1438038272, 3, 240, 0.570628
-1389779200, 3, 240, 0.996477
-2025527552, 3, 240, 0.571284
1455347456, 3, 240, 0.571699
-1446430976, 3, 240, 0.572210
-1398171904, 3, 240, 0.572414
-1782139136, 3, 240, 0.574490
1446954752, 3, 240, 0.574805
-1538750720, 3, 240, 0.575118
-1740175616, 3, 240, 0.575871
-1465313536, 3, 240, 0.576286
1430169344, 3, 240, 0.576078
-1731782912, 3, 240, 0.576386
-1473706240, 3, 240, 0.576386
-1490491648, 3, 240, 0.575420
1421776640, 3, 240, 0.576449
-1563928832, 3, 240, 0.575678
-1673033984, 3, 240, 0.575732
1388205824, 3, 240, 0.576491
-1639463168, 3, 240, 0.576869
-2017134848, 3, 240, 0.998436
-1631070464, 3, 240, 0.577066
-1706604800, 3, 240, 0.577902
-1515669760, 3, 240, 0.578376
1379813120, 3, 240, 0.578799
-1714997504, 3, 240, 0.578510
-1622677760, 3, 240, 0.578931
-1614285056, 3, 240, 0.578742
-1756961024, 3, 240, 0.579218
-1540847872, 3, 240, 0.578760
-1765353728, 3, 240, 0.579780
2101585664, 3, 240, 0.597794
-1681426688, 3, 240, 0.583038
-617650432, 3, 240, 0.599483
238405376, 3, 240, 0.617738
-1524062464, 3, 240, 0.582282
-2061195520, 3, 240, 0.580770
1167898368, 3, 240, 0.580714
-1219827968, 3, 240, 0.601122
-2052802816, 3, 240, 0.580960
-1773746432, 3, 240, 0.581791
1159505664, 3, 240, 0.581712
-2044410112, 3, 240, 0.581832
1151112960, 3, 240, 0.582025
1142720256, 3, 240, 0.582912
-1832495360, 3, 240, 0.582769
-2027624704, 3, 240, 0.582769
1134327552, 3, 240, 0.583322
-2019232000, 3, 240, 0.583233
1125934848, 3, 240, 0.583361
-1857673472, 3, 240, 0.582887
-665909504, 3, 240, 0.623889
-1840888064, 3, 240, 0.993098
1092364032, 3, 240, 0.587405
1253922560, 3, 240, 0.586147
1042007808, 3, 240, 0.587793
1906456320, 3, 240, 0.587787
102024960, 3, 240, 0.588755
1237137152, 3, 240, 0.588077
85239552, 3, 240, 0.587903
93632256, 3, 240, 0.589000
840582912, 3, 240, 0.587555
1203566336, 3, 240, 0.588394
76846848, 3, 240, 0.588596
832190208, 3, 240, 0.589460
1186780928, 3, 240, 0.589581
823797504, 3, 240, 0.589862
1117542144, 3, 240, 0.594352
60061440, 3, 240, 0.589661
1077675776, 3, 240, 0.589086
51668736, 3, 240, 0.990048
1195173632, 3, 240, 0.591865
1981990656, 3, 240, 0.590249
34883328, 3, 240, 0.591087
1060890368, 3, 240, 0.989902
1990383360, 3, 240, 0.591542
26490624, 3, 240, 0.591687
18097920, 3, 240, 0.592096
1545570048, 3, 240, 0.591848
9705216, 3, 240, 0.592482
1553962752, 3, 240, 0.591939
-7080192, 3, 240, 0.591761
918214400, 3, 240, 0.592042
926607104, 3, 240, 0.989717
1637889792, 3, 240, 0.592364
1436464896, 3, 240, 0.592260
884643584, 3, 240, 0.592373
1453250304, 3, 240, 0.592004
1444857600, 3, 240, 0.592813
876250880, 3, 240, 0.592258
867858176, 3, 240, 0.592083
859465472, 3, 240, 0.591547
1503606528, 3, 240, 0.591777
817501952, 3, 240, 0.592163
-1924815104, 3, 240, 0.988618
1511999232, 3, 240, 0.592990
809109248, 3, 240, 0.592692
-65829120, 3, 240, 0.593046
-2010839296, 3, 240, 0.606771
-1968875776, 3, 240, 0.606858
1402894080, 3, 240, 0.594054
800716544, 3, 240, 0.593426
-2036017408, 3, 240, 0.609069
1184683776, 3, 240, 0.593526
792323840, 3, 240, 0.593792
783931136, 3, 240, 0.988212
-82614528, 3, 240, 0.594467
1193076480, 3, 240, 0.988458
-1874458880, 3, 240, 0.595150
-99399936, 3, 240, 0.595276
-116185344, 3, 240, 0.594632
1849804544, 3, 240, 0.595411
1858197248, 3, 240, 0.596508
1874982656, 3, 240, 0.596445
406259456, 3, 240, 0.989127
364295936, 3, 240, 0.596788
355903232, 3, 240, 0.596654
-149756160, 3, 240, 0.596910
347510528, 3, 240, 0.596578
-132970752, 3, 240, 0.598846
-166541568, 3, 240, 0.597951
1178388224, 3, 240, 0.598948
-174934272, 3, 240, 0.600474
1287493376, 3, 240, 0.599842
-183326976, 3, 240, 0.600230
-191719680, 3, 240, 0.599539
1295886080, 3, 240, 0.599696
1304278784, 3, 240, 0.984095
2009265920, 3, 240, 0.599975
288761600, 3, 240, 0.599651
280368896, 3, 240, 0.599372
-208505088, 3, 240, 0.599925
1321064192, 3, 240, 0.599871
271976192, 3, 240, 0.600310
263583488, 3, 240, 0.599771
2042836736, 3, 240, 0.600028
-233683200, 3, 240, 0.599700
255190784, 3, 240, 0.600164
1312671488, 3, 240, 0.602386
-2000349440, 3, 240, 0.600694
2026051328, 3, 240, 0.985789
-250468608, 3, 240, 0.601358
-216897792, 3, 240, 0.985589
-258861312, 3, 240, 0.602695
1530881792, 3, 240, 0.602965
1522489088, 3, 240, 0.603067
1539274496, 3, 240, 0.602913
-1966778624, 3, 240, 0.602913
-275646720, 3, 240, 0.603521
1547667200, 3, 240, 0.605815
87336704, 3, 240, 0.605548
1556059904, 3, 240, 0.605930
-1949993216, 3, 240, 0.606304
78944000, 3, 240, 0.605634
-1941600512, 3, 240, 0.605877
179656448, 3, 240, 0.609289
-1975171328, 3, 240, 0.983801
1564452608, 3, 240, 0.607127
-300824832, 3, 240, 0.607583
-1983564032, 3, 240, 0.611319
1883375360, 3, 240, 0.621867
-1891244288, 3, 240, 0.626393
2034444032, 3, 240, 0.617067
901428992, 3, 240, 0.612317
70551296, 3, 240, 0.612725
1572845312, 3, 240, 0.613083
1581238016, 3, 240, 0.613008
943392512, 3, 240, 0.613456
-317610240, 3, 240, 0.613769
62158592, 3, 240, 0.614187
-1991956736, 3, 240, 0.619181
1589630720, 3, 240, 0.614953
-342788352, 3, 240, 0.616721
-351181056, 3, 240, 0.616346
1614808832, 3, 240, 0.616527
28587776, 3, 240, 0.616692
-359573760, 3, 240, 0.616252
36980480, 3, 240, 0.617710
1623201536, 3, 240, 0.616682
-334395648, 3, 240, 0.618673
11802368, 3, 240, 0.618322
3409664, 3, 240, 0.980005
-376359168, 3, 240, 0.619293
-4983040, 3, 240, 0.619125
1002141440, 3, 240, 0.980606
1648379648, 3, 240, 0.619718
-393144576, 3, 240, 0.619116
1010534144, 3, 240, 0.620157
993748736, 3, 240, 0.621622
1018926848, 3, 240, 0.620673
1656772352, 3, 240, 0.620831
-13375744, 3, 240, 0.980521
-401537280, 3, 240, 0.620642
1111246592, 3, 240, 0.621464
-409929984, 3, 240, 0.979986
-265156864, 3, 240, 0.621472
1782662912, 3, 240, 0.621566
-273549568, 3, 240, 0.621602
1824626432, 3, 240, 0.621860
1128032000, 3, 240, 0.622121
1136424704, 3, 240, 0.621727
-426715392, 3, 240, 0.622298
-458189056, 3, 240, 0.622403
1841411840, 3, 240, 0.622225
-466581760, 3, 240, 0.622536
1505703680, 3, 240, 0.636560
-443500800, 3, 240, 0.622602
1514096384, 3, 240, 0.994506
1153210112, 3, 240, 0.623109
-435108096, 3, 240, 0.623773
431437568, 3, 240, 0.623570
-451893504, 3, 240, 0.981570
-483367168, 3, 240, 0.623507
1144817408, 3, 240, 0.624889
1161602816, 3, 240, 0.624291
-491759872, 3, 240, 0.624237
-460286208, 3, 240, 0.624620
-468678912, 3, 240, 0.624257
641255168, 3, 240, 0.624465
456615680, 3, 240, 0.624689
-477071616, 3, 240, 0.624289
465008384, 3, 240, 0.624504
-508545280, 3, 240, 0.624716
-500152576, 3, 240, 0.625438
649647872, 3, 240, 0.625474
473401088, 3, 240, 0.625242
-516937984, 3, 240, 0.625832
1169995520, 3, 240, 0.983253
-485464320, 3, 240, 0.626427
-493857024, 3, 240, 0.625813
-525330688, 3, 240, 0.626375
481793792, 3, 240, 0.626375
700004096, 3, 240, 0.626781
708396800, 3, 240, 0.626397
490186496, 3, 240, 0.626648
658040576, 3, 240, 0.628200
-502249728, 3, 240, 0.981523
-542116096, 3, 240, 0.629099
716789504, 3, 240, 0.629306
-550508800, 3, 240, 0.629121
-519035136, 3, 240, 0.630541
-527427840, 3, 240, 0.630526
515364608, 3, 240, 0.630956
523757312, 3, 240, 0.630763
741967616, 3, 240, 0.631407
-592472320, 3, 240, 0.630918
725182208, 3, 240, 0.632737
-544213248, 3, 240, 0.631765
-762423552, 3, 240, 0.631603
540542720, 3, 240, 0.631864
-600865024, 3, 240, 0.632844
548935424, 3, 240, 0.632463
767145728, 3, 240, 0.632750
-609257728, 3, 240, 0.633111
557328128, 3, 240, 0.632721
-760326400, 3, 240, 0.633089
-770816256, 3, 240, 0.633719
775538432, 3, 240, 0.633937
733574912, 3, 240, 0.981136
-779208960, 3, 240, 0.978543
-787601664, 3, 240, 0.634387
-768719104, 3, 240, 0.634897
599291648, 3, 240, 0.635213
227915520, 3, 240, 0.635239
-74221824, 3, 240, 0.673545
219522816, 3, 240, 0.635017
-441403648, 3, 240, 0.635286
616077056, 3, 240, 0.635573
-433010944, 3, 240, 0.636681
-97302784, 3, 240, 0.639097
-88910080, 3, 240, 0.639110
-827468032, 3, 240, 0.639204
-407832832, 3, 240, 0.639655
-835860736, 3, 240, 0.639401
-80517376, 3, 240, 0.639871
-424618240, 3, 240, 0.641658
-399440128, 3, 240, 0.640871
202737408, 3, 240, 0.977061
169166592, 3, 240, 0.640680
-844253440, 3, 240, 0.641131
-852646144, 3, 240, 0.642607
-55339264, 3, 240, 0.642006
-861038848, 3, 240, 0.642433
-374262016, 3, 240, 0.642688
110417664, 3, 240, 1.030805
-315513088, 3, 240, 0.642398
185952000, 3, 240, 0.976503
194344704, 3, 240, 0.977335
143988480, 3, 240, 0.643595
-869431552, 3, 240, 0.644051
-877824256, 3, 240, 0.644134
-307120384, 3, 240, 0.646064
135595776, 3, 240, 0.646687
-886216960, 3, 240, 0.646165
-298727680, 3, 240, 0.646165
-676399360, 3, 240, 0.646882
-894609664, 3, 240, 0.646843
-290334976, 3, 240, 0.647190
162871040, 3, 240, 0.647535
-248371456, 3, 240, 0.647922
-903002368, 3, 240, 0.648457
-105695488, 3, 240, 0.649055
-239978752, 3, 240, 0.649998
-911395072, 3, 240, 0.650410
-1213532416, 3, 240, 0.650721
-919787776, 3, 240, 0.650539
-1205139712, 3, 240, 0.650768
-231586048, 3, 240, 0.651010
632862464, 3, 240, 0.658643
-928180480, 3, 240, 0.651812
-223193344, 3, 240, 0.653441
-1179961600, 3, 240, 0.655014
-206407936, 3, 240, 0.655014
-1238710528, 3, 240, 0.655620
-1255495936, 3, 240, 0.655014
-1247103232, 3, 240, 0.971347
-1171568896, 3, 240, 0.655055
-936573184, 3, 240, 0.656259
-1263888640, 3, 240, 0.655707
-198015232, 3, 240, 0.656623
-1498884352, 3, 240, 0.657767
-1272281344, 3, 240, 0.657480
-1566025984, 3, 240, 0.658647
-1163176192, 3, 240, 0.659466
-189622528, 3, 240, 0.659959
-1574418688, 3, 240, 0.659817
-181229824, 3, 240, 0.660017
-1280674048, 3, 240, 0.660516
-1289066752, 3, 240, 0.660207
-1146390784, 3, 240, 0.660628
-1154783488, 3, 240, 0.971466
-172837120, 3, 240, 0.661656
-1582811392, 3, 240, 0.661913
-164444416, 3, 240, 0.662264
-1591204096, 3, 240, 0.662515
-1297459456, 3, 240, 0.663038
-1599596800, 3, 240, 0.662528
-1305852160, 3, 240, 0.663192
-1129605376, 3, 240, 0.663475
-1314244864, 3, 240, 0.663340
-1331030272, 3, 240, 0.662870
-130873600, 3, 240, 0.663150
-1607989504, 3, 240, 0.971252
-147659008, 3, 240, 0.664703
-1616382208, 3, 240, 0.970965
-1633167616, 3, 240, 0.664298
-1339422976, 3, 240, 0.664670
-1079249152, 3, 240, 0.970690
-122480896, 3, 240, 0.666556
-1070856448, 3, 240, 0.667594
-1062463744, 3, 240, 0.667328
-1347815680, 3, 240, 0.667856
-114088192, 3, 240, 0.668317
-416225536, 3, 240, 0.683998
-139266304, 3, 240, 0.670626
-156051712, 3, 240, 0.671719
-1406564608, 3, 240, 0.668903
2133059328, 3, 240, 0.669169
-1045678336, 3, 240, 0.669028
-1054071040, 3, 240, 0.669596
2124666624, 3, 240, 0.670271
-1414957312, 3, 240, 0.670717
-1037285632, 3, 240, 0.671577
2116273920, 3, 240, 0.671884
-1423350016, 3, 240, 0.672114
-1028892928, 3, 240, 0.672086
-1641560320, 3, 240, 0.970948
2107881216, 3, 240, 0.672938
1940027136, 3, 240, 0.673121
2141452032, 3, 240, 0.970083
-1003714816, 3, 240, 0.967141
-1448528128, 3, 240, 0.676741
-1012107520, 3, 240, 0.676741
1872885504, 3, 240, 0.678796
1864492800, 3, 240, 0.678770
-986929408, 3, 240, 0.678981
1856100096, 3, 240, 0.678399
-2094766336, 3, 240, 0.678981
-1775843584, 3, 240, 0.678806
-1784236288, 3, 240, 0.678380
-751933696, 3, 240, 0.678581
-1792628992, 3, 240, 0.680223
1830921984, 3, 240, 0.679731
-1801021696, 3, 240, 0.680005
-1809414400, 3, 240, 0.679760
-726755584, 3, 240, 0.679818
-735148288, 3, 240, 0.966298
-1859770624, 3, 240, 0.680081
-1868163328, 3, 240, 0.681045
1822529280, 3, 240, 0.681342
1814136576, 3, 240, 0.681274
-1851377920, 3, 240, 0.681977
-1842985216, 3, 240, 0.683351
-1884948736, 3, 240, 0.683736
1788958464, 3, 240, 0.966164
-1121212672, 3, 240, 0.696000
-709970176, 3, 240, 0.684772
-1834592512, 3, 240, 0.684719
-1893341440, 3, 240, 0.685156
1780565760, 3, 240, 0.966438
-1876556032, 3, 240, 0.686679
-1826199808, 3, 240, 0.685948
1612711680, 3, 240, 0.686524
1629497088, 3, 240, 0.687287
1604318976, 3, 240, 0.688373
-1767450880, 3, 240, 0.688508
-1759058176, 3, 240, 0.688252
1755387648, 3, 240, 0.689253
1595926272, 3, 240, 0.689029
-1750665472, 3, 240, 0.688721
1746994944, 3, 240, 0.689797
1772173056, 3, 240, 0.691384
1805743872, 3, 240, 0.690189
1587533568, 3, 240, 0.690657
1730209536, 3, 240, 0.690940
1579140864, 3, 240, 0.692517
1889670912, 3, 240, 0.692517
1898063616, 3, 240, 0.692520
-1733880064, 3, 240, 0.692922
-1725487360, 3, 240, 0.692632
1570748160, 3, 240, 0.693530
-1742272768, 3, 240, 0.694443
1696638720, 3, 240, 0.694457
2015561472, 3, 240, 0.694106
1688246016, 3, 240, 0.694321
1520391936, 3, 240, 0.694507
1679853312, 3, 240, 0.694002
1998776064, 3, 240, 0.696110
2023954176, 3, 240, 0.694852
1478428416, 3, 240, 0.696324
1663067904, 3, 240, 0.695929
2040739584, 3, 240, 0.696231
-1675131136, 3, 240, 0.696500
2032346880, 3, 240, 0.697478
1461643008, 3, 240, 0.697223
1428072192, 3, 240, 0.697672
-1666738432, 3, 240, 0.698125
2057524992, 3, 240, 0.698527
1419679488, 3, 240, 0.698749
-1658345728, 3, 240, 0.699014
1310574336, 3, 240, 0.699247
2065917696, 3, 240, 0.698830
907724544, 3, 240, 0.699208
1302181632, 3, 240, 0.699302
2049132288, 3, 240, 0.700813
2074310400, 3, 240, 0.699651
1293788928, 3, 240, 0.699926
916117248, 3, 240, 0.700862
1285396224, 3, 240, 0.701649
924509952, 3, 240, 0.702449
932902656, 3, 240, 0.702681
1277003520, 3, 240, 0.703124
1537177344, 3, 240, 0.967791
1268610816, 3, 240, 0.703325
941295360, 3, 240, 0.703762
2091095808, 3, 240, 0.704670
-2002446592, 3, 240, 0.706588
1251825408, 3, 240, 0.706738
1411286784, 3, 240, 0.963412
857368320, 3, 240, 0.706504
966473472, 3, 240, 0.706712
1243432704, 3, 240, 0.706913
815404800, 3, 240, 0.706372
974866176, 3, 240, 0.706527
1260218112, 3, 240, 0.708525
1235040000, 3, 240, 0.707804
-1952090368, 3, 240, 0.707972
983258880, 3, 240, 0.710419
-1943697664, 3, 240, 0.709883
790226688, 3, 240, 0.709517
1218254592, 3, 240, 0.710344
1000044288, 3, 240, 0.709978
1008436992, 3, 240, 0.709602
807012096, 3, 240, 0.711818
-1926912256, 3, 240, 0.711017
1016829696, 3, 240, 0.713285
756655872, 3, 240, 0.713822
765048576, 3, 240, 0.713107
-1910126848, 3, 240, 0.713424
1025222400, 3, 240, 0.713882
1033615104, 3, 240, 0.714435
-1918519552, 3, 240, 0.715935
-1901734144, 3, 240, 0.715843
479696640, 3, 240, 0.716263
-802289920, 3, 240, 0.763747
1262315264, 3, 240, 0.818443
-1597499648, 3, 240, 0.853165
-793897216, 3, 240, 0.765627
1354635008, 3, 240, 0.821275
1681950464, 3, 240, 0.833301
-1480001792, 3, 240, 0.860599
1371420416, 3, 240, 0.824055
196441856, 3, 240, 0.791604
462911232, 3, 240, 0.721087
454518528, 3, 240, 0.721245
488089344, 3, 240, 0.721772
1058793216, 3, 240, 0.722183
639158016, 3, 240, 0.722770
1209861888, 3, 240, 0.959042
647550720, 3, 240, 0.722642
630765312, 3, 240, 0.723726
655943424, 3, 240, 0.723328
622372608, 3, 240, 0.723716
1075578624, 3, 240, 0.724129
437733120, 3, 240, 0.724422
1083971328, 3, 240, 0.724089
672728832, 3, 240, 0.724303
420947712, 3, 240, 0.724671
605587200, 3, 240, 0.724792
412555008, 3, 240, 0.724796
1318967040, 3, 240, 0.724987
597194496, 3, 240, 0.725215
588801792, 3, 240, 0.724985
404162304, 3, 240, 0.725216
689514240, 3, 240, 0.725100
697906944, 3, 240, 0.725187
1335752448, 3, 240, 0.725380
572016384, 3, 240, 0.726112
378984192, 3, 240, 0.726641
1344145152, 3, 240, 0.727251
387376896, 3, 240, 0.952965
563623680, 3, 240, 0.728061
714692352, 3, 240, 0.728972
723085056, 3, 240, 0.728280
370591488, 3, 240, 0.952250
555230976, 3, 240, 0.728768
1360930560, 3, 240, 0.728957
546838272, 3, 240, 0.729463
1369323264, 3, 240, 0.729689
362198784, 3, 240, 0.729689
278271744, 3, 240, 0.731056
1377715968, 3, 240, 0.732028
320235264, 3, 240, 0.733042
1386108672, 3, 240, 0.733308
295057152, 3, 240, 0.733376
521660160, 3, 240, 0.733605
1394501376, 3, 240, 0.733880
1327359744, 3, 240, 0.739027
1109149440, 3, 240, 0.740234
538445568, 3, 240, 0.736514
513267456, 3, 240, 0.735542
345413376, 3, 240, 0.735751
337020672, 3, 240, 0.736801
1686079232, 3, 240, 0.221652
496482048, 3, 240, 0.738791
-396310784, 3, 240, 0.231714
-614521088, 3, 240, 0.231988
-421488896, 3, 240, 0.232542
-723626240, 3, 240, 0.234033
-513808640, 3, 240, 0.969066
-555772160, 3, 240, 0.235297
-899807488, 3, 240, 0.242070
-1065384192, 3, 240, 0.245884
-790767872, 3, 240, 0.973144
-1107347712, 3, 240, 0.247813
-1216354560, 3, 240, 0.250414
-1258318080, 3, 240, 0.973622
-1568684288, 3, 240, 0.254556
-1577076992, 3, 240, 0.254947
-1593862400, 3, 240, 0.973504
-1677723904, 3, 240, 0.973705
-1719687424, 3, 240, 0.974016
-1770043648, 3, 240, 0.974166
-352332032, 3, 240, 0.980572
-1778436352, 3, 240, 0.974550
-1904228608, 3, 240, 0.974353
-2080377088, 3, 240, 0.265549
-1929439488, 3, 240, 0.974785
2122270464, 3, 240, 0.269891
1728042752, 3, 240, 0.276409
1535108864, 3, 240, 0.975572
-438274304, 3, 240, 0.983845
1962907392, 3, 240, 0.976781
1702864640, 3, 240, 0.976425
1736435456, 3, 240, 0.976687
1669293824, 3, 240, 0.976353
1627330304, 3, 240, 0.976440
1652508416, 3, 240, 0.976661
1476327168, 3, 240, 0.280919
1493112576, 3, 240, 0.281775
1509897984, 3, 240, 0.979322
1232938752, 3, 240, 0.984492
1190975232, 3, 240, 0.985479
1174189824, 3, 240, 0.292419
1165797120, 3, 240, 1.174441
1115440896, 3, 240, 0.295007
1107048192, 3, 240, 0.295338
1048299264, 3, 240, 0.297484
1014728448, 3, 240, 0.298508
905623296, 3, 240, 0.303680
888837888, 3, 240, 0.304293
796518144, 3, 240, 0.307617
1006335744, 3, 240, 0.988783
989550336, 3, 240, 0.988730
947586816, 3, 240, 0.988714
863659776, 3, 240, 0.988505
838481664, 3, 240, 0.988642
771340032, 3, 240, 0.988477
628664064, 3, 240, 0.314395
611878656, 3, 240, 0.991254
603485952, 3, 240, 0.991607
536344320, 3, 240, 0.993793
569915136, 3, 240, 0.994096
502773504, 3, 240, 0.994005
544737024, 3, 240, 0.994182
527951616, 3, 240, 0.994146
376882944, 3, 240, 0.993952
393668352, 3, 240, 0.994229
318134016, 3, 240, 0.995072
343312128, 3, 240, 0.995169
250992384, 3, 240, 0.998089
167065344, 3, 240, 0.998318
108316416, 3, 240, 0.999086
99923712, 3, 240, 0.335395
15996672, 3, 240, 0.337207
-294533376, 3, 240, 0.999774
-118286592, 3, 240, 0.344418
-361675008, 3, 240, 0.347439
-420423936, 3, 240, 1.001481
-403638528, 3, 240, 0.349719
-412031232, 3, 240, 0.351010
-437209344, 3, 240, 1.002573
-453994752, 3, 240, 1.003047
-462387456, 3, 240, 1.003014
-269355264, 3, 240, 0.364980
-563099904, 3, 240, 0.365233
-470780160, 3, 240, 1.003721
-504350976, 3, 240, 1.003723
-546314496, 3, 240, 1.003680
-579885312, 3, 240, 1.003713
-588278016, 3, 240, 1.003786
-630241536, 3, 240, 1.003699
-655419648, 3, 240, 1.003719
-697383168, 3, 240, 1.004179
-705775872, 3, 240, 1.004786
-789702912, 3, 240, 0.374046
-865237248, 3, 240, 0.381426
-982735104, 3, 240, 0.385293
-1158981888, 3, 240, 0.386331
-1007913216, 3, 240, 1.009548
-965949696, 3, 240, 1.009544
-1033091328, 3, 240, 1.009650
-1041484032, 3, 240, 1.009763
-1049876736, 3, 240, 1.009880
-1066662144, 3, 240, 1.009886
-882022656, 3, 240, 1.010618
-814881024, 3, 240, 1.011110
-1192552704, 3, 240, 0.395319
-1200945408, 3, 240, 1.013377
-1226123520, 3, 240, 0.397712
-1461119232, 3, 240, 1.014630
-2057001216, 3, 240, 1.016875
-1570224384, 3, 240, 1.018048
-605063424, 3, 240, 1.174857
-2031823104, 3, 240, 1.018079
-1855576320, 3, 240, 1.018523
-1746471168, 3, 240, 1.018998
-1830398208, 3, 240, 1.019947
2145646336, 3, 240, 1.018709
2128860928, 3, 240, 1.018849
-1771649280, 3, 240, 1.019356
2137253632, 3, 240, 1.019150
2120468224, 3, 240, 1.019151
-1981466880, 3, 240, 1.019194
2044933888, 3, 240, 1.019595
2028148480, 3, 240, 1.020339
2019755776, 3, 240, 1.019967
2036541184, 3, 240, 1.019844
2011363072, 3, 240, 1.021772
1986184960, 3, 240, 0.444741
1969399552, 3, 240, 0.445297
1944221440, 3, 240, 1.022987
1306375936, 3, 240, 0.453654
1919043328, 3, 240, 1.023016
1155307264, 3, 240, 0.456557
1289590528, 3, 240, 0.457263
1902257920, 3, 240, 1.023118
1835116288, 3, 240, 0.457197
1104951040, 3, 240, 0.461554
1314768640, 3, 240, 1.023561
1776367360, 3, 240, 0.462678
-1091840256, 3, 240, 1.174352
1809938176, 3, 240, 1.023181
1121736448, 3, 240, 1.023309
1767974656, 3, 240, 1.022428
1759581952, 3, 240, 1.022230
1826723584, 3, 240, 1.024026
1742796544, 3, 240, 1.022067
1734403840, 3, 240, 1.021818
1784760064, 3, 240, 1.023415
1197270784, 3, 240, 0.463937
861562624, 3, 240, 0.468084
970667776, 3, 240, 0.468297
744064768, 3, 240, 1.025524
702101248, 3, 240, 1.026297
441927424, 3, 240, 1.025894
1650476800, 3, 240, 1.025923
962275072, 3, 240, 1.027172
391571200, 3, 240, 1.025874
903526144, 3, 240, 1.025753
886740736, 3, 240, 1.025442
1608513280, 3, 240, 1.025590
987453184, 3, 240, 1.028672
869955328, 3, 240, 1.026173
1600120576, 3, 240, 0.473684
-11278592, 3, 240, 0.480153
777635584, 3, 240, 0.483888
1507800832, 3, 240, 1.030427
1499408128, 3, 240, 0.485814
-514840832, 3, 240, 0.490069
1440659200, 3, 240, 0.491452
1474230016, 3, 240, 1.031447
-825370880, 3, 240, 0.493278
475498240, 3, 240, 1.030681
450320128, 3, 240, 1.029740
-842156288, 3, 240, 1.028907
425142016, 3, 240, 1.029361
660137728, 3, 240, 1.028363
668530432, 3, 240, 1.028852
626566912, 3, 240, 0.497736
-1521965312, 3, 240, 0.501272
517461760, 3, 240, 1.024983
500676352, 3, 240, 1.024613
374785792, 3, 240, 1.024740
358000384, 3, 240, 0.505999
223717120, 3, 240, 0.509069
290858752, 3, 240, 1.023727
1791055616, 3, 240, 0.513271
-313415936, 3, 240, 1.021535
123004672, 3, 240, 0.513840
-254667008, 3, 240, 1.024742
173360896, 3, 240, 1.022450
2059622144, 3, 240, 1.025931
139790080, 3, 240, 1.021928
106219264, 3, 240, 1.020119
114611968, 3, 240, 1.020673
164968192, 3, 240, 1.022542
97826560, 3, 240, 1.019991
1749092096, 3, 240, 1.019487
-531626240, 3, 240, 1.019928
-548411648, 3, 240, 1.019272
1337849600, 3, 240, 1.019809
-86812928, 3, 240, 1.020401
-128776448, 3, 240, 1.019082
-145561856, 3, 240, 1.018029
1035712256, 3, 240, 1.016133
1044104960, 3, 240, 1.016788
-951261440, 3, 240, 1.134550
1027319552, 3, 240, 1.015660
909821696, 3, 240, 1.015257
-170739968, 3, 240, 1.017090
-968046848, 3, 240, 1.016179
-204310784, 3, 240, 1.015756
-1043581184, 3, 240, 0.528961
-1093937408, 3, 240, 0.530771
-388950272, 3, 240, 0.531368
-447699200, 3, 240, 0.532533
2135156480, 3, 240, 1.034141
590898944, 3, 240, 1.129427
-1068759296, 3, 240, 1.015732
-1077152000, 3, 240, 1.015235
666433280, 3, 240, 1.014039
-1177864448, 3, 240, 1.013091
-1186257152, 3, 240, 1.012627
-464484608, 3, 240, 1.009440
-581982464, 3, 240, 1.008394
-456091904, 3, 240, 0.532952
118810368, 3, 240, 1.008662
565720832, 3, 240, 0.535312
127203072, 3, 240, 1.009280
-577784064, 3, 240, 0.537753
330725120, 3, 240, 1.008433
-632338688, 3, 240, 1.008584
-1589106944, 3, 240, 0.541076
129300224, 3, 240, 0.999864
-691087616, 3, 240, 1.008065
-653318400, 3, 240, 1.004919
-661711104, 3, 240, 1.004761
-720460032, 3, 240, 1.111209
-712067328, 3, 240, 1.001637
-775014656, 3, 240, 1.002673
-926083328, 3, 240, 1.000695
-728852736, 3, 240, 1.000838
236308224, 3, 240, 1.008872
-934476032, 3, 240, 1.001034
-619747584, 3, 240, 1.009661
-1001617664, 3, 240, 0.548116
-340691200, 3, 240, 0.549142
-357476608, 3, 240, 0.549904
-659613952, 3, 240, 0.556887
-1253398784, 3, 240, 0.559924
-1010010368, 3, 240, 1.003430
244700928, 3, 240, 1.005106
-1135900928, 3, 240, 1.002543
-584079616, 3, 240, 1.000834
-1236613376, 3, 240, 0.998972
-575686912, 3, 240, 1.001617
-1261791488, 3, 240, 0.996956
-1270184192, 3, 240, 0.996116
-2067491072, 3, 240, 0.565137
1665165056, 3, 240, 0.998354
1463740160, 3, 240, 0.571027
-1547143424, 3, 240, 0.997285
-1555536128, 3, 240, 0.996680
1396598528, 3, 240, 0.996104
-1532455168, 3, 240, 0.993974
-1605892352, 3, 240, 0.993655
-1817807104, 3, 240, 0.993214
339117824, 3, 240, 1.031797
-1798924544, 3, 240, 0.993918
-1807317248, 3, 240, 0.993509
-1824102656, 3, 240, 0.993826
-1303755008, 3, 240, 0.598347
559425280, 3, 240, 1.158006
-1849280768, 3, 240, 1.083974
848975616, 3, 240, 0.991789
1923241728, 3, 240, 0.991540
68454144, 3, 240, 0.990115
1100756736, 3, 240, 0.993926
1102853888, 3, 240, 0.989135
1956812544, 3, 240, 0.589682
1973597952, 3, 240, 0.589982
1052497664, 3, 240, 0.990078
893036288, 3, 240, 0.592706
1763780352, 3, 240, 0.991760
934999808, 3, 240, 0.991233
1312512, 3, 240, 0.990796
-15472896, 3, 240, 0.989619
-23865600, 3, 240, 0.989370
1495213824, 3, 240, 0.988380
-32258304, 3, 240, 0.989057
-40651008, 3, 240, 0.988680
-49043712, 3, 240, 0.988814
-1933207808, 3, 240, 0.989110
1176291072, 3, 240, 0.988341
423044864, 3, 240, 0.593914
-91007232, 3, 240, 0.594994
-124578048, 3, 240, 0.595506
-1908029696, 3, 240, 0.990948
-1882851584, 3, 240, 0.989202
43276032, 3, 240, 1.079862
372688640, 3, 240, 0.987903
-141363456, 3, 240, 0.987441
381081344, 3, 240, 0.988672
-107792640, 3, 240, 0.989885
313939712, 3, 240, 0.985336
-158148864, 3, 240, 0.986602
397866752, 3, 240, 0.990265
2000873216, 3, 240, 0.984822
1992480512, 3, 240, 0.985784
2017658624, 3, 240, 0.598862
-200112384, 3, 240, 0.984773
-225290496, 3, 240, 0.984750
-267254016, 3, 240, 0.983178
104122112, 3, 240, 0.605395
-1958385920, 3, 240, 0.605361
171263744, 3, 240, 0.984495
-2008742144, 3, 240, 0.616891
-284039424, 3, 240, 0.984258
-292432128, 3, 240, 0.984012
951785216, 3, 240, 0.616258
960177920, 3, 240, 0.616605
-326002944, 3, 240, 0.982258
1598023424, 3, 240, 0.981745
45373184, 3, 240, 0.981814
1606416128, 3, 240, 0.981270
95729408, 3, 240, 0.985609
1631594240, 3, 240, 0.979674
976963328, 3, 240, 0.980895
968570624, 3, 240, 0.981616
1639986944, 3, 240, 0.618973
-384751872, 3, 240, 0.619308
1732306688, 3, 240, 0.620642
-256764160, 3, 240, 0.622041
-418322688, 3, 240, 0.981335
1833019136, 3, 240, 0.981346
1329456896, 3, 240, 0.996030
-474974464, 3, 240, 0.622827
-533723392, 3, 240, 0.628200
498579200, 3, 240, 0.627910
-510642432, 3, 240, 0.981158
506971904, 3, 240, 0.980324
-558901504, 3, 240, 0.980345
758753024, 3, 240, 0.632578
1119639296, 3, 240, 0.645585
-567294208, 3, 240, 0.980729
532150016, 3, 240, 0.980223
-449796352, 3, 240, 0.977869
211130112, 3, 240, 0.637432
-810682624, 3, 240, 0.638141
-819075328, 3, 240, 0.638667
-391047424, 3, 240, 0.641398
-382654720, 3, 240, 0.641785
-63731968, 3, 240, 0.642359
177559296, 3, 240, 0.976605
-38553856, 3, 240, 0.644846
-72124672, 3, 240, 0.976263
160773888, 3, 240, 0.976193
-701577472, 3, 240, 0.649551
-1196747008, 3, 240, 0.652368
152381184, 3, 240, 0.976067
-46946560, 3, 240, 0.975568
146085632, 3, 240, 0.974253
-1221925120, 3, 240, 0.972042
-684792064, 3, 240, 0.973934
-1230317824, 3, 240, 0.971547
-693184768, 3, 240, 0.973440
-214800640, 3, 240, 0.971057
-1188354304, 3, 240, 0.654097
-1137998080, 3, 240, 0.970860
-1624774912, 3, 240, 0.971023
-2145122560, 3, 240, 0.969360
-1431742720, 3, 240, 0.968822
-1440135424, 3, 240, 0.675938
-1649953024, 3, 240, 0.970901
-2103159040, 3, 240, 0.966860
-1549240576, 3, 240, 0.967376
-995322112, 3, 240, 0.967531
448222976, 3, 240, 1.045435
-2086373632, 3, 240, 0.966738
-785504512, 3, 240, 0.966782
-2077980928, 3, 240, 0.966222
1847707392, 3, 240, 0.966253
-2069588224, 3, 240, 0.965678
1881278208, 3, 240, 0.968780
-718362880, 3, 240, 0.683519
1621104384, 3, 240, 0.684122
297154304, 3, 240, 1.065403
1646282496, 3, 240, 0.967576
1654675200, 3, 240, 0.967164
305547008, 3, 240, 1.066246
1738602240, 3, 240, 0.966900
-1717094656, 3, 240, 0.694857
1486821120, 3, 240, 0.696251
1671460608, 3, 240, 0.964335
1528784640, 3, 240, 0.966700
-535820544, 3, 240, 1.040726
890939136, 3, 240, 0.702450
1713424128, 3, 240, 0.968386
882546432, 3, 240, 0.703090
-1683523840, 3, 240, 0.965811
-1985661184, 3, 240, 0.706342
2082703104, 3, 240, 0.962706
-1994053888, 3, 240, 0.960814
1201469184, 3, 240, 0.711643
1363027712, 3, 240, 0.812908
-1977268480, 3, 240, 0.959622
798619392, 3, 240, 0.958678
2007168768, 3, 240, 1.004994
731477760, 3, 240, 0.715631
865761024, 3, 240, 0.961923
773441280, 3, 240, 0.957964
1067185920, 3, 240, 0.723214
613979904, 3, 240, 0.724722
580409088, 3, 240, 0.726362
471303936, 3, 240, 0.957565
991651584, 3, 240, 0.960613
1050400512, 3, 240, 0.957014
-1700309248, 3, 240, 0.970389
446125824, 3, 240, 0.955902
664336128, 3, 240, 0.954702
395769600, 3, 240, 0.952688
706299648, 3, 240, 0.952190
2099488512, 3, 240, 0.964492
748263168, 3, 240, 0.958095
429340416, 3, 240, 0.954912
739870464, 3, 240, 0.958039
1352537856, 3, 240, 0.727261
269879040, 3, 240, 0.731188
681121536, 3, 240, 0.956212
311842560, 3, 240, 0.952890
-497023232, 3, 240, 1.178447
530052864, 3, 240, 0.953982
-564164864, 3, 240, 0.239790
328627968, 3, 240, 0.954394
1988085504, 3, 240, 0.976020
1409185536, 3, 240, 1.174108
-698448128, 3, 240, 1.180962
286664448, 3, 240, 0.954975
-748804352, 3, 240, 1.180126
-1946224896, 3, 240, 1.176963
-1979795712, 3, 240, 1.176791
1845475072, 3, 240, 1.175585
1744828160, 3, 240, 1.175543
1719650048, 3, 240, 1.175492
303449856, 3, 240, 0.956522
687412992, 3, 240, 1.175786
670627584, 3, 240, 1.176926
418846464, 3, 240, 1.175909
402061056, 3, 240, 1.176282
-193820928, 3, 240, 1.175118
-1947896064, 3, 240, 1.017848
-831666432, 3, 240, 1.174124
958080768, 3, 240, 0.998790
492283648, 3, 240, 1.031244
39077632, 3, 240, 1.026328
2078504704, 3, 240, 1.172488
1558157056, 3, 240, 1.161500
1348339456, 3, 240, 1.170497
-1259694336, 3, 240, 1.175617
718886656, 3, 240, 1.158757
651745024, 3, 240, 1.153861
634959616, 3, 240, 1.153201
509069056, 3, 240, 1.147110
-565197056, 3, 240, 1.157453
-279845120, 3, 240, 1.143643
-540018944, 3, 240, 1.139708
-221096192, 3, 240, 1.015361
-1245006080, 3, 240, 1.101778
1707128576, 3, 240, 1.099235
1438562048, 3, 240, 0.997737
-1482098944, 3, 240, 1.090165
-455059712, 3, 240, 1.211807
-1723390208, 3, 240, 1.090298
-1815709952, 3, 240, 0.994104
1948419840, 3, 240, 0.589133
-657516800, 3, 240, 1.033486
1245529856, 3, 240, 1.084138
414652160, 3, 240, 0.988071
1866589952, 3, 240, 0.596816
-1916422400, 3, 240, 1.071705
-1866066176, 3, 240, 1.068410
389474048, 3, 240, 0.988766
322332416, 3, 240, 1.064528
-309217536, 3, 240, 0.983288
624469760, 3, 240, 0.636081
-1322637568, 3, 240, 0.663871
-1557633280, 3, 240, 0.967287
20195072, 3, 240, 1.052776
750360320, 3, 240, 1.039839
1721816832, 3, 240, 0.966383
1470035712, 3, 240, 0.965125
-1935304960, 3, 240, 0.995587
-1379289344, 3, 240, 1.096743
607684352, 3, 240, 1.039101
2086897408, 3, 240, 1.170015
-521136384, 3, 240, 1.197305
1751189248, 3, 240, 1.186125
-970144000, 3, 240, 1.109409
-1507277056, 3, 240, 1.100285
781833984, 3, 240, 0.999094
-957556992, 3, 240, 1.197515
1541371648, 3, 240, 1.181550
274073344, 3, 240, 1.173107
-242075904, 3, 240, 1.067946
-1087641856, 3, 240, 1.029346
-1708701952, 3, 240, 1.012941
-1112819968, 3, 240, 1.111561
1965205248, 3, 240, 1.095387
